18626207810
17806228461
13684179233
13959012573
18767212033
13326366195
17199620661
15236151138
15868412280
13627055111
13875633463
18629247008
13316803732
13113691261
18879361356
15917108279
13933103152
13707201176
13477141928
15205238237
13919424324
18637107253
15921966256
13872162388
13972812525
18727775916
18607249111
13872623118
15872535457
15705400877
13308743733
13728882603
15920830890
17757127470
13877986484
15880357233
15852785253
18228871515
13542759991
18616842336
a18953655598
15054525657
18002588062
18818575626
15675805588
18879990993
13480019723
13580450354
13866680588